00000000000000000000000000000000000000000000000000000000000000000
00000000001110001110000001110000000000000111111100000000000000000
00000000001111011111100000011000000000000000111111111110000000000
00000000000111000011000000011111111111111111111100000000000000000
01100110000001100001111000001111111111100111000110000001111100000
00111110000000000000111100001110000000000000000000000000111111111
00010000000000000011111110000000000000000011111000000000000010000
00111111111111111111000000000000000000000000111000000000011111000
00000111000000111000000000000000000000000001111111100000000011111
00000000000111111111000000000000000000000111111100000000000000110
00000000000000000000000000000000000000000000011000000000000011111
00000000000111110000011111100000000111110000001111100000000000000
00000000111000111111111000000000000000010000000000000000000000000
00000000000000000000001111111111111111111000000000000000001111111
00000000000111001110000000000000000111111000000000000000000000011
00000000000000001000000000000000000000001000000000000000000000001
00000000000000000000010000000000000000001000000000000000000000001
00000000000000000000010000000000000000011000000000000000000000000
00000000000000000000000000000000000000011111111111111111111111000
00000001111100000000000000000000000000000111111000000000000000000
00000000001100000000000000000000000000000011110000000000000000000
00000000000100000000000000000000000000000000100000000000000000000
00000000000000000000000000000000000000000000000000000000000000111
