001110110010001101101011110111001101110111010001101100010011011010110001011001101111101111111010001
001111001011100110110000000110000011000110100001001110110010010000001000101010011010001101011001100
000000110110011000100111000110101110110011110100101000001001001011101000000100001001001000101111001
101011010001001011100011111010100001101100010110001110101000110011011010110010010100001011011101111
011010011001111110001011101111100001000010001001111101111001101000011011110100101111111001111100000
101100000000001101010001000011000000101010110000001000100001111111100101011010100000100111111111000
000001101111101011101110100101101100100101100011011001001110100101101111110101110101011110100101111
000001101001000110000001000110110100000010101111100110011100000111011011001010010011100011110001110
110111101101111111011101000111011111011110011111011110100000011100101111100010110001010010000011101
000100001111100100110011110110001101100001010111110000010010101010011010001010001100010111011100001
101011001111011010101111001001000010001010101111110100000111011011111111110010111111000010101100001
011001000101100101111010100001111001011001011101001101100110010101111111101111010011100101110100111
111001000111111011101111101111000100001011001001101100000011011011101100010110100010111110000110001
010010000001111001000110110010110101100110101100100110001001100011001000011010000101011100011110100
001011011000110000001010110100111101101111010111100111111111100010111001000001011011000010111010001
111100100100000111100011111001011100011110010100011001001100100100101011001110000101101100111110110
101111100001010000110110010110000101111000000011101011101011010101110110010100010101011000110000100
010110101101101000000110001000010000111101010001101110111001010011100111000010000100100000011110001
010111000101111011000010110101110100000010010000001100110010010000010110110110110101011001101100011
111011011110011110011000111010010101101010111110011110001111110010000111100110110010110010111001100
010000000111001000101101001100011110111011001100001010101001100000101110111000111011110011111000010
011001000111101111011100111110010001100001100110110101000110001101011001111100001011010110001110010
101000110100100110001011101001100101001101100011011101111001110111001001111101111110110000101000110
110100010001100000011011101100101001011101111011110011111010111100111000000011110010011100000011110
000010100001100001011110110010110101100101110011101111101010000011110110101000011000000000000111000
010000101100111111101100010111000000100100101001110101110010000111011010011111110000101010101110011
100000000011101101001010111001110001100001110101001101010001111010101000110010110111101110010101111
000011000101010100001011011010001000000010010000000110101110011010011001110111110111111001111110101
110101001001001111000100010010110000110101110101001011011001111100000001011010011001100101101100011
011001010010010100011001111001001011000110101010110001011100011010111100001100111101000010000100101
000110010001011001001111101001011111000011101101011100011100111111011100111111101110010000011100101
011100110111011001001111101111011000101000011100011000011100101001001000111010111010111110111010110
001111001000011001111101100110010001110011001001010001111100100111000011110101000110011000100100000
000101111101011110000111010110011111011001100110001001010000001001000000001010001010110111011100101
000101001011100010000111001100011100001111100001101000111000010010110110000011110100100011011011011
110100100010100100011010000111000101010100010101011001111010100110111111000010111011001011000011000
001011010101000110011100011001101110101100110110011001011101111111101001010100011010110010010110001
100000010111101100001111010001101000111111101110101000100010110111000001101111010000001111010110000
110111011011011010011011001001110110000000011000011011001011010010000110000010010011110001100011111
000111110111110011110000001011011000101110001111010001011111100000110011101111110010011010111111010
000101111101101010010011110000110100100110100111101011111101010011100110111110110001000011011010110
010101001110111011101101110100010011101000001111001101111001011011111010010101111010100100000110101
010101011111001001100111111111110101111010110110001110000110000000000011011000010010010100010100010
010010110110011100011100001110010100011101101011000010010010001110010011011110001100000101111000100
111000101011101110001000110001110110000011100010111000101101010100010000011001011011111111111110001
010101100001001011100101001001000000011010110100110011000110011011100001000110101000010011011111000
100110111010101010101101011011010001100000001111000111111001101101101000001001001110111011010111110
000000000111110100100001010111100000001110101001010101010111000011111000001010011101101000111101110
001011110011101011110010100000100001001001111111001000111010000111110110100111100111011000110101101
010001011101011100111010010001100000100111101100100010011110010111111100100111011111110101001011110
111100111111111100110101011110100001010111010111100100000000000010110100100001010100001111111000000
011110011000100111010110000110100100010111010010110010110101011100001001111000011100001100011010011
101100001111011001111000000101100110100110001010101001010011011010100111110001101011101011000110111
101011110010101010010110011011100000101111110101001100011111101010001001000010101101100011110111100
101000010001011001100110111111000000000011010000001100111010110101000000000011000001010110000100011
001010100011100111011011100010001100101000001010111011100101111000100011011111011111011011101100001
110110000101111100111101101000100111000010010100011001100101101010110110101111001011100010000101010
001010010101010101111111100001111101000110011101010010000001110000101101101101100100111011101100010
110001000110011011000100010000001001010010000101110000000111001011101001010011100111000011111100000
111001010110110001101000111100000011101110101101100111000010010010011010000100110000000000010111110
011111011110111101001000110100110010000111000000101011001011100110010110100111100000011100011101101
101000101101000000000111111110101010110110001100010000111001111100100110010000001110010011111100011
000100010100001110001111101011001101000100010100100111100110011000101010011111000110001100010011101
101110010011011100101011010000100100011111011100111101011111010110111101011000100011100111010110100
101100000100101101110010010111101100100100100000000100111011000100111011100011001010100000010001001
010101100000010000101101101000011000111011000001010000101101011010011110111001001110100000011000101
110111000001011101011110111101010010001101101110101000010010011111001111111101000100001011001000100
011011001110101100101101011010011001101000100011100100011110000100100101110110000001011110100001111
100101010100101101111101101110101000000110110101101011000100010011101110111110111010110111101001100
101111110100111111110010000010110010010101100010101000101000001101011001101111010101010011110011100
001100111010011001011011111011010110001011101011101100001010110101110110000000010101111101000110010
011100001011110111100111111011111111101111100001100111010011101011010100011001011111011110101111010
111010011010111011001000100011001111001100001000010101011110110010010111100001001101101111010100010
011100111100010100111111110000110110000101101100000000000100111111001101111110001110111100001001000
101111011010111010000100000001110101101011000001111011000101010110001101011100110110001000110001011
101000100000010110011011010000011010001001100000111110100000011000011100110001110110111100001110100
000011011000010100001101000000010110000100010100011110111010011100111111100110110001110101001000011
000111100101100000100001011001001101010011000010000011001101110111110001010110111100001111101111011
000101000001111110111001110111110111011100101000110110000111110001111100111001011111110011010000111
111001000110010000110101111100011010001100010000100100110111000000001011110001011111100110110101011
001111101001101000100010111010100011101110100101011111110010111110111100000101000111110111111001100
100000001000000011110111100000101101100101011101010011111011001000010001111100111100101110001000101
111110000000100000001011001101110011101101100001111011101110100101011001011111000000111001101000000
101110101111010111000110100010101101101111100110010001010010111100011000101111010001010101000011001
011001111101100101111100010110101001101011101110011110000101111100111000101011011010101011001111010
010101111011100100000100100100000100011110010001001001001110101100010010110011111001001000100011111
101001111101100111101100111010001111011101110101111001010010101110001010011000100110111000100000010
010100001101010011111001100011001101000101001011011101000000000110011011111110010110110010111111100
111100111000011100100001100110010110111011100100010000010101010010000100100000000110111110010100100
100011010000100011101110011101011110101110011111011110010000011100110110011111010011001010000110110
111110010111000111100100100100110000011100011100011101010111010110110000010010110001111110111110100
000010011001100111000001001011100110011011110110010010001110111111011101110111011111100001111001100
110111010110111010110101111010000010111011110000111110001000011000001011011000100000010110010000100
000100000101110110010001100111100101010001001100001000000000100001001110111100100110101010000010011
101010011001110100011011011010110110101000111001011100100101111001000101101100011001101000010000111
100110111100101101110100100111011011100000010100011100010010110110100001001110100001111101001110110
111101000001000101110101000011101001110110011001011110101101011001011000010100000100110110001111100
011010110100001001111000111111001101111101110110000000001011000010010111100101100111101100011111110
100101010100011110010101110011000110111101101001111110000100000101000011110111001111010001001010001